0.000000000010000	33.4194
0.000000000011030	31.858
0.000000000012167	30.3733
0.000000000013421	28.9615
0.000000000014803	27.6194
0.000000000016329	26.3436
0.000000000018011	25.1311
0.000000000019867	23.979
0.000000000022004	22.8397
0.000000000024443	21.7301
0.000000000027150	20.6809
0.000000000030159	19.6881
0.000000000033500	18.75
0.000000000037212	17.8631
0.000000000041334	17.0256
0.000000000045914	16.2346
0.000000000051000	15.4884
0.000000000056651	14.7843
0.000000000062926	14.121
0.000000000069900	13.496
0.000000000077642	12.908
0.000000000086246	12.3547
0.000000000095799	11.8352
0.000000000106415	11.3473
0.000000000119036	10.8605
0.000000000133153	10.4067
0.000000000148945	9.98415
0.000000000166610	9.59138
0.000000000186369	9.22691
0.000000000209933	8.86913
0.000000000236487	8.53991
0.000000000266387	8.23791
0.000000000302184	7.9459
0.000000000342792	7.68076
0.000000000388857	7.44075
0.000000000444223	7.21273
0.000000000511027	6.99878
0.000000000591995	6.80047
0.000000000690630	6.61886
0.000000000811382	6.45461
0.000000000959924	6.30791
0.000000001151680	6.17366
0.000000001401240	6.05352
0.000000001741040	5.94511
0.000000002209240	5.85029
0.000000002903330	5.76599
0.000000003979080	5.69344
0.000000005768020	5.63271
0.000000009094010	5.58331
0.000000016265400	5.54554
0.000000025293800	5.52844
0.000000025300000	5.52843
0.000000075988600	5.50789
0.000001058270000	5.49829
0.001088470000000	5.38978
0.001761600000000	5.28844
0.002216800000000	5.18656
0.002536770000000	5.08226
0.002777960000000	4.96953
0.002955680000000	4.85309
0.003086600000000	4.73681
0.003187310000000	4.61936
0.003272920000000	4.49055
0.003340900000000	4.36029
0.003398800000000	4.22184
0.003449160000000	4.07215
0.003489440000000	3.92566
0.003524690000000	3.77109
0.003554910000000	3.61318
0.003580080000000	3.45875
0.003602740000000	3.29678
0.003617850000000	3.17413
0.003632960000000	3.03748
0.003648060000000	2.88438
0.003663170000000	2.71184
0.003674500000000	2.56753
0.003685830000000	2.40838
0.003697160000000	2.23221
0.003704710000000	2.10418
0.003712260000000	1.96675
0.003719190000000	1.83214
0.003725480000000	1.70155
0.003731780000000	1.56293
0.003738070000000	1.41593
0.003744370000000	1.26038
0.003750660000000	1.09638
0.003756950000000	0.924549
0.003764040000000	0.723785
0.003773320000000	0.456477
0.003776780000000	0.359343
0.003779300000000	0.291072
0.003781190000000	0.241889
0.003782600000000	0.206518
0.003783930000000	0.174914
0.003785030000000	0.149793
0.003785970000000	0.129263
0.003786760000000	0.112944
0.003787550000000	0.0974151
0.003788180000000	0.0856101
0.003788800000000	0.0743981
0.003789310000000	0.0658844
0.003789750000000	0.0587869
0.003790220000000	0.0515669
0.003790600000000	0.046091
0.003790980000000	0.0408941
0.003791310000000	0.0365848
0.003791620000000	0.0326949
0.003791940000000	0.0290214
0.003792170000000	0.0264127
0.003792440000000	0.0236124
0.003792660000000	0.0214342
0.003792880000000	0.0193747
0.003793100000000	0.0174364
0.003793290000000	0.0158738
0.003793450000000	0.0146428
0.003793600000000	0.0134775
0.003793760000000	0.0123791
0.003793900000000	0.0114486
0.003794030000000	0.0106685
0.003794150000000	0.00993326
0.003794280000000	0.00924346
0.003794400000000	0.00863853
0.003794510000000	0.00811084
0.003794620000000	0.00761931
0.003794730000000	0.00716432
0.003794830000000	0.00677493
0.003794930000000	0.00644407
0.003795020000000	0.00614098
0.003795110000000	0.00586587
0.003795200000000	0.00563858
0.003795320000000	0.00536733
0.003795440000000	0.00514128
0.003795520000000	0.00501597
0.003795590000000	0.00491117
0.003795670000000	0.00482706
0.003795750000000	0.00476381
0.003795860000000	0.00471182
0.003795950000000	0.00469812
0.003796030000000	0.00470872
0.003796130000000	0.00475871
0.003796210000000	0.00481741
0.003796280000000	0.00489605
0.003796360000000	0.00499477
0.003796440000000	0.00512057
0.003796520000000	0.00526899
0.003796590000000	0.00544024
0.003796670000000	0.00563449
0.003796750000000	0.00585195
0.003796870000000	0.00622206
0.003796990000000	0.00664549
0.003797110000000	0.0071229
0.003797220000000	0.00765499
0.003797350000000	0.0082836
0.003797440000000	0.00879692
0.003797540000000	0.00934646
0.003797680000000	0.0102396
0.003797790000000	0.0109921
0.003797900000000	0.0117958
0.003798010000000	0.0126514
0.003798120000000	0.0135594
0.003798250000000	0.0146621
0.003798370000000	0.0158352
0.003798500000000	0.0170794
0.003798620000000	0.0183958
0.003798780000000	0.0201443
0.003798940000000	0.0220091
0.003799100000000	0.0239921
0.003799300000000	0.02675
0.003799440000000	0.0287809
0.003799630000000	0.031646
0.003799820000000	0.0346945
0.003800010000000	0.03793
0.003800230000000	0.0419466
0.003800450000000	0.046229
0.003800670000000	0.0507838
0.003800890000000	0.0556176
0.003801140000000	0.0614922
0.003801390000000	0.06775
0.003801650000000	0.0744018
0.003801900000000	0.0814581
0.003802210000000	0.0908649
0.003802530000000	0.100944
0.003802840000000	0.11172
0.003803160000000	0.123215
0.003803440000000	0.134198
0.003803820000000	0.149814
0.003804190000000	0.166586
0.003804570000000	0.184561
0.003804890000000	0.200497
0.003805220000000	0.218204
0.003805550000000	0.236943
0.003805990000000	0.263606
0.003806430000000	0.292273
0.003806850000000	0.321911
0.003807280000000	0.353606
0.003807700000000	0.387458
0.003808130000000	0.423572
0.003808550000000	0.462061
0.003809010000000	0.506179
0.003809480000000	0.555008
0.003809950000000	0.607261
0.003810430000000	0.663132
0.003810900000000	0.722831
0.003811370000000	0.786577
0.003811840000000	0.85461
0.003812310000000	0.92718
0.003812790000000	1.00456
0.003813260000000	1.08702
0.003813730000000	1.17489
0.003814300000000	1.28791
0.003814860000000	1.40977
0.003815430000000	1.54115
0.003816000000000	1.68274
0.003816560000000	1.83533
0.003817130000000	1.99976
0.003817700000000	2.17695
0.003818260000000	2.3679
0.003818830000000	2.57371
0.003819400000000	2.79557
0.003819960000000	3.0348
0.003820530000000	3.29282
0.003821090000000	3.57121
0.003821660000000	3.87172
0.003822230000000	4.19623
0.003822790000000	4.54684
0.003823360000000	4.92588
0.003823930000000	5.33591
0.003824490000000	5.77975
0.003825060000000	6.26055
0.003825630000000	6.78179
0.003826190000000	7.34735
0.003826760000000	7.96152
0.003827330000000	8.62914
0.003827890000000	9.35562
0.003828460000000	10.147
0.003829010000000	10.9902
0.003829540000000	11.8657
0.003830070000000	12.8172
0.003830600000000	13.8528
0.003831130000000	14.9812
0.003831660000000	16.2123
0.003832160000000	17.4909
0.003832660000000	18.884
0.003833170000000	20.4043
0.003833670000000	22.0656
0.003834170000000	23.8841
0.003834680000000	25.8778
0.003835180000000	28.0673
0.003835690000000	30.4761
0.003836060000000	32.4426
0.003836440000000	34.5604
0.003836820000000	36.8435
0.003837200000000	39.3078
0.003837570000000	41.971
0.003837950000000	44.8523
0.003838330000000	47.9736
0.003838710000000	51.3594
0.003839080000000	55.0368
0.003839460000000	59.0361
0.003839840000000	63.3914
0.003840220000000	68.1407
0.003840590000000	73.3268
0.003840970000000	78.9969
0.003841350000000	85.2044
0.003841730000000	92.0087
0.003842110000000	99.4759
0.003842480000000	107.679
0.003842860000000	116.698
0.003843240000000	126.622
0.003843620000000	137.547
0.003843970000000	148.737
0.003844310000000	160.52
0.003844650000000	173.36
0.003844990000000	187.339
0.003845330000000	202.536
0.003845670000000	219.024
0.003846010000000	236.868
0.003846350000000	256.114
0.003846690000000	276.782
0.003847030000000	298.867
0.003847480000000	330.422
0.003847820000000	355.529
0.003848500000000	408.619
0.003849460000000	485.687
0.003850010000000	528.131
0.003850410000000	556.323
0.003850790000000	579.77
0.003851170000000	599.592
0.003851460000000	611.843
0.003851780000000	622.4
0.003852140000000	630.004
0.003852510000000	632.835
0.003852540000000	632.85
0.003852930000000	630.161
0.003853290000000	623.118
0.003853660000000	611.602
0.003854040000000	596.011
0.003854420000000	577.146
0.003854870000000	551.163
0.003855550000000	507.824
0.003856730000000	429.202
0.003857240000000	397.22
0.003857740000000	367.032
0.003858240000000	338.952
0.003858750000000	313.112
0.003859250000000	289.516
0.003859750000000	268.084
0.003860260000000	248.683
0.003860760000000	231.153
0.003861270000000	215.324
0.003861770000000	201.029
0.003862270000000	188.108
0.003862780000000	176.414
0.003863280000000	165.813
0.003863780000000	156.185
0.003864290000000	147.423
0.003864790000000	139.432
0.003865290000000	132.128
0.003865800000000	125.438
0.003866300000000	119.297
0.003867060000000	110.992
0.003867810000000	103.631
0.003868570000000	97.0768
0.003869320000000	91.2161
0.003870080000000	85.9543
0.003870830000000	81.2122
0.003871590000000	76.9226
0.003872340000000	73.0291
0.003873300000000	68.591
0.003874260000000	64.6293
0.003875210000000	61.0766
0.003876170000000	57.8778
0.003877180000000	54.8419
0.003878180000000	52.101
0.003879190000000	49.6159
0.003880200000000	47.3533
0.003881710000000	44.3189
0.003883220000000	41.6527
0.003884860000000	39.1117
0.003886120000000	37.3657
0.003888000000000	35.0338
0.003889890000000	32.9925
0.003891780000000	31.1931
0.003893670000000	29.597
0.003895560000000	28.1731
0.003897450000000	26.8961
0.003899330000000	25.7454
0.003901850000000	24.3783
0.003904370000000	23.1731
0.003907390000000	21.9063
0.003910410000000	20.7973
0.003913430000000	19.8197
0.003916450000000	18.9522
0.003920610000000	17.9113
0.003924760000000	17.014
0.003929110000000	16.1976
0.003933830000000	15.4268
0.003938550000000	14.7553
0.003943270000000	14.1656
0.003949560000000	13.4832
0.003955540000000	12.9243
0.003961210000000	12.4603
0.003969700000000	11.8605
0.003975370000000	11.514
0.003984180000000	11.0434
0.003992360000000	10.6711
0.003998610000000	10.4361
0.004000900000000	10.378
0.004001980000000	10.3741
0.004002730000000	10.4079
0.004003300000000	10.4909
0.004003620000000	10.5838
0.004003890000000	10.7015
0.004004160000000	10.8693
0.004004430000000	11.1022
0.004004670000000	11.3806
0.004004880000000	11.6922
0.004005100000000	12.0711
0.004005310000000	12.522
0.004005560000000	13.1308
0.004005700000000	13.5162
0.004005980000000	14.3658
0.004006410000000	15.8116
0.004006840000000	17.2616
0.004007110000000	18.0711
0.004007350000000	18.6534
0.004007560000000	19.0496
0.004007780000000	19.2962
0.004007980000000	19.3792
0.004008000000000	19.3793
0.004008170000000	19.3189
0.004008340000000	19.1526
0.004008560000000	18.8045
0.004008770000000	18.3184
0.004009030000000	17.6019
0.004009330000000	16.6011
0.004009980000000	14.367
0.004010240000000	13.5491
0.004010490000000	12.819
0.004010700000000	12.3004
0.004010910000000	11.8514
0.004011120000000	11.4705
0.004011330000000	11.1534
0.004011600000000	10.8302
0.004011870000000	10.5863
0.004012140000000	10.4058
0.004012540000000	10.2224
0.004012950000000	10.1088
0.004013480000000	10.0185
0.004014400000000	9.93524
0.004017460000000	9.79136
0.004026060000000	9.52484
0.004038400000000	9.21497
0.004054000000000	8.88705
0.004072700000000	8.56194
0.004091390000000	8.29219
0.004113830000000	8.02363
0.004136260000000	7.80041
0.004166170000000	7.55568
0.004201070000000	7.32634
0.004240950000000	7.117
0.004290810000000	6.91101
0.004350630000000	6.71987
0.004426830000000	6.53537
0.004514000000000	6.3763
0.004621520000000	6.22953
0.004768150000000	6.08301
0.004944100000000	5.95616
0.005198250000000	5.82568
0.005550150000000	5.69883
0.006079250000000	5.56333
0.006805570000000	5.42528
0.006994500000000	5.4058
0.007085220000000	5.42168
0.007124320000000	5.45493
0.007147780000000	5.50036
0.007163420000000	5.55552
0.007175150000000	5.62267
0.007182970000000	5.68906
0.007190790000000	5.78398
0.007196550000000	5.88252
0.007202130000000	6.01363
0.007205840000000	6.12986
0.007209550000000	6.27915
0.007212490000000	6.42946
0.007215420000000	6.61938
0.007217370000000	6.77511
0.007219330000000	6.96119
0.007221280000000	7.18604
0.007223240000000	7.46124
0.007224710000000	7.71019
0.007226000000000	7.96745
0.007227200000000	8.24683
0.007228400000000	8.57335
0.007229600000000	8.95835
0.007230400000000	9.25474
0.007231210000000	9.58931
0.007232150000000	10.0439
0.007232980000000	10.4996
0.007233800000000	11.0254
0.007234620000000	11.6369
0.007235160000000	12.1017
0.007235710000000	12.6208
0.007236380000000	13.337
0.007236960000000	14.0622
0.007237550000000	14.8928
0.007237940000000	15.5158
0.007238330000000	16.2033
0.007238720000000	16.9648
0.007239110000000	17.8116
0.007239500000000	18.7575
0.007239900000000	19.8193
0.007240290000000	21.0173
0.007240580000000	22.0204
0.007240870000000	23.1273
0.007241170000000	24.3537
0.007241460000000	25.718
0.007241750000000	27.2425
0.007242050000000	28.954
0.007242350000000	30.9671
0.007242570000000	32.5829
0.007242790000000	34.3629
0.007243010000000	36.3289
0.007243230000000	38.5063
0.007243450000000	40.9239
0.007243660000000	43.6144
0.007243880000000	46.6147
0.007244050000000	49.1545
0.007244230000000	52.0562
0.007244400000000	55.2324
0.007244580000000	58.71
0.007244760000000	62.518
0.007244930000000	66.6868
0.007245090000000	70.7207
0.007245240000000	75.0873
0.007245400000000	79.8096
0.007245560000000	84.9105
0.007245710000000	90.4123
0.007245870000000	96.3367
0.007246030000000	102.703
0.007246180000000	109.531
0.007246340000000	116.834
0.007246500000000	124.625
0.007246730000000	137.242
0.007246960000000	150.979
0.007247200000000	165.813
0.007247430000000	181.684
0.007247750000000	204.285
0.007248140000000	234.331
0.007248840000000	290.197
0.007249150000000	314.021
0.007249470000000	336.055
0.007249700000000	350.89
0.007249940000000	363.89
0.007250160000000	374.089
0.007250370000000	382.189
0.007250610000000	388.334
0.007250830000000	391.58
0.007251000000000	392.356
0.007251220000000	391.117
0.007251450000000	387.036
0.007251700000000	379.664
0.007251950000000	369.394
0.007252190000000	357.397
0.007252420000000	343.413
0.007252660000000	327.774
0.007252970000000	304.965
0.007253520000000	262.057
0.007254070000000	218.931
0.007254380000000	195.512
0.007254610000000	178.892
0.007254850000000	163.23
0.007255080000000	148.619
0.007255320000000	135.107
0.007255550000000	122.715
0.007255710000000	115.07
0.007255860000000	107.909
0.007256020000000	101.218
0.007256180000000	94.9822
0.007256330000000	89.1821
0.007256490000000	83.7975
0.007256650000000	78.8068
0.007256800000000	74.1873
0.007256980000000	69.3043
0.007257190000000	64.2955
0.007257390000000	59.7821
0.007257590000000	55.7168
0.007257770000000	52.4244
0.007257930000000	49.7652
0.007258090000000	47.3144
0.007258340000000	43.9901
0.007258580000000	41.0397
0.007258820000000	38.4149
0.007259060000000	36.046
0.007259310000000	33.8806
0.007259560000000	31.9436
0.007259810000000	30.2048
0.007260060000000	28.6382
0.007260310000000	27.2216
0.007260560000000	25.9363
0.007260800000000	24.7661
0.007261140000000	23.3616
0.007261470000000	22.1103
0.007261830000000	20.897
0.007262220000000	19.7331
0.007262610000000	18.6995
0.007263000000000	17.7768
0.007263390000000	16.9493
0.007263790000000	16.204
0.007264180000000	15.5301
0.007264760000000	14.6338
0.007265350000000	13.8532
0.007265940000000	13.169
0.007266520000000	12.5657
0.007267110000000	12.0307
0.007267890000000	11.4067
0.007268610000000	10.9052
0.007269340000000	10.4642
0.007270060000000	10.0743
0.007271150000000	9.56872
0.007272230000000	9.14087
0.007273320000000	8.7755
0.007274660000000	8.3935
0.007276120000000	8.04453
0.007277590000000	7.75252
0.007279050000000	7.50568
0.007280520000000	7.29512
0.007282480000000	7.05925
0.007284430000000	6.86385
0.007287360000000	6.62798
0.007289320000000	6.50001
0.007292250000000	6.34122
0.007296650000000	6.15792
0.007301050000000	6.02037
0.007306910000000	5.88468
0.007312780000000	5.78541
0.007320600000000	5.68951
0.007332330000000	5.59322
0.007347970000000	5.51374
0.007371430000000	5.44509
0.007403490000000	5.39425
0.007469960000000	5.34336
0.007636860000000	5.28803
0.008393490000000	5.14423
0.008568450000000	5.12621
0.008658940000000	5.1411
0.008704190000000	5.17668
0.008731340000000	5.22615
0.008749440000000	5.28636
0.008763010000000	5.35972
0.008771690000000	5.42823
0.008779980000000	5.51929
0.008787900000000	5.64238
0.008793560000000	5.76339
0.008799210000000	5.92622
0.008802600000000	6.05237
0.008806000000000	6.20792
0.008809390000000	6.40251
0.008811940000000	6.58247
0.008813920000000	6.74859
0.008816180000000	6.97369
0.008818440000000	7.24619
0.008820140000000	7.49016
0.008821830000000	7.77711
0.008823340000000	8.07692
0.008824850000000	8.42895
0.008825980000000	8.73481
0.008827110000000	9.08403
0.008828250000000	9.48525
0.008829380000000	9.94931
0.008830510000000	10.4901
0.008831260000000	10.9018
0.008832020000000	11.3621
0.008832770000000	11.8788
0.008833520000000	12.4616
0.008834160000000	13.0176
0.008834960000000	13.7952
0.008835480000000	14.3787
0.008836010000000	15.0226
0.008836540000000	15.7358
0.008837070000000	16.5284
0.008837600000000	17.4129
0.008838120000000	18.4041
0.008838610000000	19.4187
0.008839090000000	20.5538
0.008839570000000	21.8291
0.008840050000000	23.2683
0.008840510000000	24.792
0.008840960000000	26.5137
0.008841260000000	27.7881
0.008841560000000	29.1775
0.008841860000000	30.6953
0.008842170000000	32.3564
0.008842470000000	34.178
0.008842770000000	36.1787
0.008843070000000	38.3799
0.008843370000000	40.8046
0.008843680000000	43.4786
0.008843980000000	46.4292
0.008844280000000	49.6861
0.008844580000000	53.2801
0.008844880000000	57.2429
0.008845180000000	61.6062
0.008845480000000	66.4002
0.008845790000000	71.6523
0.008846090000000	77.3853
0.008846390000000	83.6151
0.008846690000000	90.3482
0.008846990000000	97.5795
0.008847290000000	105.289
0.008847750000000	117.667
0.008848200000000	130.83
0.008849410000000	167.093
0.008849830000000	178.936
0.008850190000000	188.158
0.008850550000000	196.207
0.008850820000000	201.304
0.008851120000000	205.883
0.008851430000000	209.205
0.008851730000000	211.184
0.008852000000000	211.771
0.008852210000000	211.435
0.008852510000000	209.764
0.008852810000000	206.736
0.008853120000000	202.43
0.008853380000000	197.704
0.008853720000000	190.466
0.008854060000000	182.131
0.008854470000000	170.811
0.008855080000000	152.999
0.008855980000000	125.825
0.008856430000000	112.962
0.008856740000000	104.861
0.008857040000000	97.2043
0.008857340000000	90.0265
0.008857640000000	83.3461
0.008857940000000	77.1671
0.008858240000000	71.4821
0.008858550000000	66.2745
0.008858850000000	61.5214
0.008859150000000	57.1951
0.008859450000000	53.2653
0.008859750000000	49.7006
0.008860050000000	46.4694
0.008860360000000	43.5411
0.008860660000000	40.8864
0.008860960000000	38.4782
0.008861260000000	36.291
0.008861560000000	34.3021
0.008861860000000	32.4904
0.008862170000000	30.8375
0.008862470000000	29.3265
0.008862770000000	27.9426
0.008863220000000	26.0766
0.008863670000000	24.4287
0.008864050000000	23.1991
0.008864500000000	21.8722
0.008864960000000	20.6864
0.008865410000000	19.6222
0.008865880000000	18.6336
0.008866360000000	17.7157
0.008866840000000	16.8884
0.008867320000000	16.1402
0.008867810000000	15.4613
0.008868530000000	14.5548
0.008869250000000	13.7625
0.008869870000000	13.1621
0.008870630000000	12.5106
0.008871380000000	11.935
0.008872130000000	11.4238
0.008872890000000	10.9677
0.008873640000000	10.5591
0.008874770000000	10.0216
0.008875910000000	9.55933
0.008877040000000	9.15893
0.008878170000000	8.80976
0.008879300000000	8.50342
0.008880810000000	8.15011
0.008882130000000	7.88377
0.008883820000000	7.58912
0.008885520000000	7.33825
0.008887220000000	7.1227
0.008889480000000	6.87936
0.008892200000000	6.63977
0.008895360000000	6.41526
0.008898530000000	6.23476
0.008901700000000	6.0874
0.008905170000000	5.95506
0.008910820000000	5.78698
0.008916480000000	5.66071
0.008922130000000	5.56333
0.008929670000000	5.46454
0.008937970000000	5.38395
0.008951540000000	5.29149
0.008969640000000	5.21258
0.008996790000000	5.14193
0.009036010000000	5.08491
0.009108400000000	5.02974
0.009286380000000	4.96022
0.009582750000000	4.87106
0.009585420000000	4.88165
0.009586690000000	4.90835
0.009588130000000	4.97214
0.009590170000000	5.08266
0.009591220000000	5.10303
0.009592130000000	5.08695
0.009593860000000	5.00141
0.009595220000000	4.93721
0.009596250000000	4.9071
0.009598120000000	4.88434
0.009613410000000	4.86941
0.010258800000000	4.66897
0.010698000000000	4.50168
0.011049400000000	4.33744
0.011312900000000	4.18871
0.011547200000000	4.03048
0.011752200000000	3.86427
0.011915000000000	3.70805
0.012065600000000	3.53719
0.012190600000000	3.3699
0.012206800000000	3.34731
0.012209200000000	3.35699
0.012210500000000	3.37815
0.012212400000000	3.43462
0.012214100000000	3.48548
0.012215000000000	3.49515
0.012216100000000	3.48427
0.012217700000000	3.4327
0.012219500000000	3.37384
0.012220800000000	3.34678
0.012222800000000	3.32973
0.012245700000000	3.28872
0.012347500000000	3.11793
0.012428400000000	2.96286
0.012496500000000	2.81556
0.012564600000000	2.64976
0.012615700000000	2.511
0.012666800000000	2.35772
0.012717900000000	2.18754
0.012751900000000	2.06334
0.012786000000000	1.92948
0.012820100000000	1.78493
0.012854100000000	1.62864
0.012886500000000	1.46833
0.012912000000000	1.33324
0.012937600000000	1.19002
0.012963100000000	1.03903
0.012987000000000	0.891439
0.013012500000000	0.727212
0.013061000000000	0.407844
0.013073800000000	0.32617
0.013083200000000	0.268367
0.013090600000000	0.224192
0.013095900000000	0.193838
0.013101000000000	0.165972
0.013105300000000	0.14381
0.013108700000000	0.12686
0.013112100000000	0.110669
0.013115300000000	0.0962565
0.013117900000000	0.0853249
0.013120300000000	0.075386
0.013122400000000	0.0671956
0.013124600000000	0.0594517
0.013126200000000	0.0539524
0.013127800000000	0.0487301
0.013129400000000	0.0436378
0.013130900000000	0.0393166
0.013132400000000	0.035272
0.013133500000000	0.0324278
0.013134600000000	0.0298747
0.013135500000000	0.0277103
0.013136500000000	0.0256756
0.013137400000000	0.0237738
0.013138400000000	0.0220083
0.013139400000000	0.0203826
0.013140100000000	0.019217
0.013140900000000	0.01814
0.013141600000000	0.0171533
0.013142300000000	0.0162587
0.013143100000000	0.0154581
0.013143800000000	0.0147536
0.013144600000000	0.0141472
0.013145300000000	0.0136408
0.013145900000000	0.0132978
0.013146600000000	0.0130263
0.013147200000000	0.0128277
0.013147800000000	0.0127031
0.013148500000000	0.0126528
0.013149100000000	0.0126898
0.013149900000000	0.012836
0.013150600000000	0.0130953
0.013151300000000	0.0134701
0.013152100000000	0.0139627
0.013152600000000	0.0143576
0.013153100000000	0.0148455
0.013153600000000	0.0153975
0.013154200000000	0.0160147
0.013154700000000	0.0166977
0.013155500000000	0.0178485
0.013156300000000	0.0191532
0.013157100000000	0.0206668
0.013157700000000	0.0218451
0.013158600000000	0.0237778
0.013159500000000	0.0259128
0.013160300000000	0.028255
0.013161200000000	0.0308092
0.013162000000000	0.0334059
0.013162800000000	0.0361054
0.013163600000000	0.038992
0.013164400000000	0.0420704
0.013165500000000	0.0464798
0.013166400000000	0.0505088
0.013167400000000	0.0550644
0.013168300000000	0.0599254
0.013169300000000	0.0650996
0.013170200000000	0.0705955
0.013171200000000	0.0767556
0.013172400000000	0.0840035
0.013173500000000	0.0917284
0.013174600000000	0.0999443
0.013175700000000	0.108666
0.013176800000000	0.11791
0.013178300000000	0.131076
0.013179800000000	0.145242
0.013181300000000	0.160452
0.013182800000000	0.176752
0.013184100000000	0.191626
0.013185800000000	0.212802
0.013187500000000	0.235576
0.013189200000000	0.260023
0.013190700000000	0.282855
0.013192300000000	0.30888
0.013193900000000	0.336595
0.013195500000000	0.366084
0.013197000000000	0.397424
0.013198600000000	0.430706
0.013200200000000	0.466022
0.013202400000000	0.516437
0.013204500000000	0.570877
0.013206600000000	0.629592
0.013208500000000	0.684373
0.013210300000000	0.742802
0.013212200000000	0.8051
0.013214000000000	0.871488
0.013215900000000	0.942198
0.013217900000000	1.02285
0.013219900000000	1.11192
0.013222000000000	1.2073
0.013224000000000	1.30939
0.013226000000000	1.41864
0.013228100000000	1.53553
0.013230100000000	1.66058
0.013232200000000	1.79434
0.013234200000000	1.93741
0.013236300000000	2.09044
0.013238300000000	2.25412
0.013240600000000	2.45195
0.013242900000000	2.66538
0.013245200000000	2.8957
0.013247500000000	3.14429
0.013249800000000	3.41268
0.013252100000000	3.70257
0.013254400000000	4.01577
0.013256700000000	4.35429
0.013259000000000	4.72039
0.013261300000000	5.11647
0.013263600000000	5.54527
0.013265900000000	6.00973
0.013268200000000	6.51317
0.013270500000000	7.05921
0.013272800000000	7.65185
0.013275100000000	8.29559
0.013277400000000	8.99541
0.013279700000000	9.75676
0.013282000000000	10.5858
0.013284300000000	11.4893
0.013286600000000	12.475
0.013288900000000	13.5512
0.013291200000000	14.7274
0.013293500000000	16.014
0.013295800000000	17.4231
0.013298100000000	18.9674
0.013300300000000	20.5962
0.013302300000000	22.2357
0.013304400000000	24.0188
0.013306400000000	25.9592
0.013308500000000	28.0721
0.013310500000000	30.3741
0.013312600000000	32.8835
0.013314600000000	35.6196
0.013316600000000	38.6036
0.013318700000000	41.8581
0.013320700000000	45.4069
0.013322800000000	49.275
0.013324800000000	53.488
0.013326900000000	58.0715
0.013328900000000	63.0507
0.013330900000000	68.4476
0.013333000000000	74.2824
0.013335000000000	80.5686
0.013337100000000	87.3124
0.013339100000000	94.5079
0.013341800000000	104.769
0.013344300000000	114.65
0.013348700000000	133.324
0.013353800000000	154.646
0.013356300000000	164.781
0.013358900000000	173.931
0.013361000000000	180.432
0.013363100000000	185.825
0.013365100000000	189.931
0.013367000000000	192.526
0.013368700000000	193.817
0.013370300000000	194.275
0.013372100000000	193.805
0.013374000000000	192.337
0.013376100000000	189.6
0.013378600000000	184.905
0.013381200000000	179.029
0.013383600000000	172.529
0.013388500000000	158.427
0.013395000000000	139.128
0.013398400000000	129.463
0.013401800000000	120.38
0.013405200000000	111.957
0.013408600000000	104.219
0.013412000000000	97.1528
0.013415400000000	90.7246
0.013418800000000	84.8889
0.013422200000000	79.596
0.013425600000000	74.7949
0.013429000000000	70.437
0.013432400000000	66.4767
0.013435800000000	62.8724
0.013439200000000	59.5863
0.013442700000000	56.5847
0.013446100000000	53.8376
0.013449500000000	51.3183
0.013454600000000	47.9154
0.013459700000000	44.904
0.013464800000000	42.227
0.013469900000000	39.8369
0.013475000000000	37.694
0.013480100000000	35.7651
0.013485200000000	34.0222
0.013490300000000	32.4418
0.013496000000000	30.867
0.013501600000000	29.4426
0.013507800000000	28.0191
0.013515200000000	26.5001
0.013522600000000	25.149
0.013531000000000	23.7828
0.013540000000000	22.5029
0.013548900000000	21.3719
0.013559100000000	20.2253
0.013569400000000	19.2131
0.013579600000000	18.3145
0.013589800000000	17.5116
0.013600000000000	16.791
0.013615300000000	15.8386
0.013630700000000	15.0143
0.013646000000000	14.2946
0.013661300000000	13.661
0.013671500000000	13.2793
0.013692000000000	12.5982
0.013712400000000	12.0086
0.013732800000000	11.494
0.013753300000000	11.0415
0.013773700000000	10.6375
0.013797500000000	10.2214
0.013828200000000	9.75501
0.013858800000000	9.35281
0.013892900000000	8.96486
0.013927000000000	8.62724
0.013961000000000	8.33039
0.014012100000000	7.94598
0.014063200000000	7.6189
0.014114300000000	7.33618
0.014165400000000	7.08843
0.014233500000000	6.80166
0.014318600000000	6.49305
0.014420800000000	6.17921
0.014540000000000	5.86681
0.014676300000000	5.5566
0.014829500000000	5.24628
0.015067900000000	4.80422
0.015408500000000	4.18696
0.015595800000000	3.82344
0.015732100000000	3.53684
0.015851300000000	3.26493
0.015953400000000	3.01182
0.016055600000000	2.7365
0.016140800000000	2.48696
0.016208900000000	2.27287
0.016277000000000	2.04449
0.016328100000000	1.8636
0.016379200000000	1.67323
0.016430300000000	1.47486
0.016489900000000	1.23249
0.016549500000000	0.981071
0.016638900000000	0.597966
0.016668700000000	0.47362
0.016690000000000	0.38796
0.016705900000000	0.325941
0.016718700000000	0.278403
0.016728300000000	0.244149
0.016737900000000	0.211284
0.016747400000000	0.179936
0.016755200000000	0.15594
0.016762000000000	0.135987
0.016767400000000	0.120826
0.016772800000000	0.106441
0.016777600000000	0.0944704
0.016781700000000	0.0846787
0.016785900000000	0.075442
0.016789000000000	0.0689012
0.016792100000000	0.0627038
0.016794700000000	0.0576768
0.016797400000000	0.052925
0.016800000000000	0.0484604
0.016802700000000	0.0442958
0.016805300000000	0.0404439
0.016807900000000	0.0369892
0.016809600000000	0.0348906
0.016811300000000	0.0329413
0.016813000000000	0.0311465
0.016814700000000	0.0295111
0.016816500000000	0.0280404
0.016818200000000	0.0267401
0.016819900000000	0.0256162
0.016821500000000	0.0247206
0.016823100000000	0.0239971
0.016824700000000	0.0234532
0.016826400000000	0.023097
0.016828000000000	0.0229364
0.016828500000000	0.0229279
0.016829600000000	0.0229805
0.016830700000000	0.0231283
0.016831800000000	0.0233746
0.016832900000000	0.0237227
0.016833900000000	0.0241763
0.016835000000000	0.0247395
0.016836100000000	0.0254164
0.016837200000000	0.0262117
0.016838300000000	0.0271303
0.016839300000000	0.0281776
0.016840400000000	0.0293596
0.016841500000000	0.0306825
0.016842600000000	0.0321534
0.016843700000000	0.0337799
0.016844700000000	0.0355705
0.016845800000000	0.0375341
0.016846800000000	0.0394582
0.016847800000000	0.0415389
0.016848800000000	0.0437855
0.016849700000000	0.0462078
0.016850700000000	0.0488171
0.016851700000000	0.0516252
0.016852600000000	0.0546458
0.016853600000000	0.057894
0.016854900000000	0.0626085
0.016856200000000	0.067804
0.016857500000000	0.073534
0.016858800000000	0.0798622
0.016860100000000	0.0868641
0.016861300000000	0.0939514
0.016862400000000	0.101392
0.016863600000000	0.109578
0.016864700000000	0.118615
0.016865800000000	0.128625
0.016866600000000	0.13591
0.016867300000000	0.143748
0.016868100000000	0.152196
0.016868900000000	0.161324
0.016869600000000	0.17121
0.016870400000000	0.181951
0.016871100000000	0.193654
0.016871900000000	0.206449
0.016872600000000	0.220487
0.016873200000000	0.23251
0.016873800000000	0.245518
0.016874400000000	0.259634
0.016875000000000	0.275
0.016875600000000	0.291782
0.016876200000000	0.310179
0.016876800000000	0.330426
0.016877400000000	0.352804
0.016877900000000	0.372943
0.016878400000000	0.39497
0.016878900000000	0.419155
0.016879300000000	0.445825
0.016879800000000	0.475393
0.016880300000000	0.508351
0.016880700000000	0.535683
0.016881100000000	0.565604
0.016881500000000	0.604471
0.016881800000000	0.641832
0.016882200000000	0.683497
0.016882600000000	0.730287
0.016882900000000	0.769372
0.016883100000000	0.812441
0.016883400000000	0.860148
0.016883700000000	0.913259
0.016884000000000	0.972692
0.016884200000000	1.03954
0.016884500000000	1.10108
0.016884700000000	1.16938
0.016884900000000	1.24537
0.016885100000000	1.33024
0.016885400000000	1.42521
0.016885600000000	1.53168
0.016885800000000	1.65137
0.016886000000000	1.73936
0.016886100000000	1.83454
0.016886300000000	1.93767
0.016886400000000	2.04935
0.016886600000000	2.17032
0.016886800000000	2.34069
0.016887000000000	2.51296
0.016887100000000	2.7021
0.016887300000000	2.90974
0.016887500000000	3.13711
0.016887700000000	3.38626
0.016887800000000	3.6588
0.016888000000000	3.95668
0.016888200000000	4.28139
0.016888400000000	4.63495
0.016888600000000	5.01897
0.016888800000000	5.47549
0.016889000000000	5.97281
0.016889100000000	6.51335
0.016889300000000	7.09919
0.016889500000000	7.73252
0.016889700000000	8.41429
0.016889900000000	9.14611
0.016890100000000	9.9289
0.016890300000000	10.9075
0.016890600000000	11.9561
0.016890800000000	13.0731
0.016891000000000	14.2573
0.016891300000000	15.9332
0.016891600000000	17.7619
0.016892100000000	20.3342
0.016893200000000	27.7165
0.016893500000000	29.8628
0.016893900000000	31.8746
0.016894200000000	33.6982
0.016894600000000	35.282
0.016894800000000	36.2841
0.016895100000000	37.1078
0.016895400000000	37.7387
0.016895700000000	38.2258
0.016895900000000	38.394
0.016896000000000	38.408
0.016896300000000	38.2611
0.016896600000000	37.8408
0.016896900000000	37.2503
0.016897100000000	36.465
0.016897400000000	35.4987
0.016897700000000	33.9579
0.016898100000000	32.1711
0.016898400000000	30.1893
0.016898900000000	26.9685
0.016900000000000	20.4394
0.016900300000000	18.1891
0.016900600000000	16.2268
0.016901000000000	14.5454
0.016901200000000	13.357
0.016901400000000	12.2342
0.016901600000000	11.1797
0.016901800000000	10.4231
0.016902000000000	9.62055
0.016902200000000	8.86903
0.016902400000000	8.16783
0.016902600000000	7.51548
0.016902800000000	6.9112
0.016903000000000	6.35288
0.016903200000000	5.83857
0.016903300000000	5.46749
0.016903500000000	5.09686
0.016903600000000	4.75274
0.016903800000000	4.43376
0.016904000000000	4.13855
0.016904100000000	3.86587
0.016904300000000	3.61389
0.016904500000000	3.38186
0.016904600000000	3.16805
0.016904800000000	2.97133
0.016904900000000	2.79047
0.016905100000000	2.64573
0.016905300000000	2.48158
0.016905400000000	2.33176
0.016905600000000	2.19504
0.016905800000000	2.0703
0.016905900000000	1.95646
0.016906100000000	1.85256
0.016906300000000	1.75767
0.016906500000000	1.67096
0.016906600000000	1.59166
0.016906800000000	1.51906
0.016907100000000	1.42135
0.016907300000000	1.33537
0.016907600000000	1.25945
0.016907800000000	1.21372
0.016908000000000	1.15028
0.016908300000000	1.09383
0.016908600000000	1.04338
0.016908800000000	0.998078
0.016909100000000	0.957235
0.016909500000000	0.903049
0.016909900000000	0.855971
0.016910300000000	0.814718
0.016910700000000	0.778331
0.016910900000000	0.756379
0.016911500000000	0.717188
0.016912000000000	0.683306
0.016912600000000	0.650472
0.016913200000000	0.622191
0.016913800000000	0.597707
0.016914400000000	0.576429
0.016915000000000	0.557884
0.016915900000000	0.534378
0.016916800000000	0.515173
0.016917500000000	0.501447
0.016918300000000	0.489962
0.016919300000000	0.477601
0.016920400000000	0.46808
0.016921400000000	0.460942
0.016922900000000	0.45393
0.016924500000000	0.450554
0.016925400000000	0.449987
0.016926500000000	0.450596
0.016928100000000	0.453468
0.016930500000000	0.461468
0.016932800000000	0.473115
0.016935200000000	0.487791
0.016937500000000	0.505071
0.016940300000000	0.528244
0.016943000000000	0.554223
0.016946700000000	0.592796
0.016950400000000	0.63545
0.016953900000000	0.680253
0.016956600000000	0.715568
0.016958400000000	0.742258
0.016959700000000	0.765169
0.016961100000000	0.791735
0.016965000000000	0.880254
0.016966500000000	0.908272
0.016968100000000	0.931434
0.016970300000000	0.959158
0.016972300000000	0.989466
0.016975300000000	1.04409
0.016978900000000	1.11534
0.016982400000000	1.19175
0.016987700000000	1.31538
0.016992500000000	1.4367
0.016997100000000	1.56016
0.017001600000000	1.69247
0.017006200000000	1.8342
0.017010700000000	1.98589
0.017015300000000	2.14818
0.017019800000000	2.32172
0.017024400000000	2.50724
0.017028900000000	2.7055
0.017033500000000	2.91734
0.017038000000000	3.14366
0.017042600000000	3.38543
0.017047100000000	3.64368
0.017051700000000	3.91954
0.017056200000000	4.2142
0.017060800000000	4.52897
0.017065300000000	4.86526
0.017069900000000	5.22456
0.017074400000000	5.6085
0.017079000000000	6.01884
0.017083500000000	6.45748
0.017088100000000	6.92645
0.017092600000000	7.42796
0.017097200000000	7.9644
0.017101700000000	8.53833
0.017106300000000	9.15253
0.017110800000000	9.81
0.017115400000000	10.514
0.017119900000000	11.268
0.017124500000000	12.0758
0.017129000000000	12.9414
0.017133600000000	13.8693
0.017138100000000	14.8643
0.017142700000000	15.9313
0.017147200000000	17.0759
0.017151800000000	18.304
0.017156300000000	19.6219
0.017160900000000	21.0363
0.017165400000000	22.5545
0.017170000000000	24.1842
0.017174500000000	25.9335
0.017179000000000	27.8109
0.017183600000000	29.8254
0.017188100000000	31.9864
0.017192700000000	34.3036
0.017197200000000	36.7869
0.017201800000000	39.4461
0.017206300000000	42.2912
0.017210900000000	45.3318
0.017217000000000	49.7052
0.017223000000000	54.4603
0.017229100000000	59.6107
0.017235200000000	65.1629
0.017241200000000	71.1136
0.017247300000000	77.4465
0.017256400000000	87.5854
0.017267500000000	100.743
0.017283700000000	120.153
0.017291300000000	128.683
0.017298800000000	136.399
0.017305300000000	142.099
0.017311800000000	146.803
0.017318500000000	150.463
0.017323100000000	152.259
0.017328700000000	153.577
0.017334200000000	154.006
0.017340700000000	153.443
0.017347100000000	151.851
0.017354200000000	149.079
0.017362500000000	144.703
0.017370900000000	139.445
0.017385800000000	128.821
0.017410100000000	110.969
0.017422200000000	102.631
0.017434300000000	94.9311
0.017446400000000	87.9199
0.017458600000000	81.5912
0.017470700000000	75.9067
0.017482800000000	70.8128
0.017495000000000	66.2507
0.017507100000000	62.1625
0.017519200000000	58.4934
0.017531400000000	55.1941
0.017543500000000	52.2202
0.017555600000000	49.5328
0.017567800000000	47.0977
0.017579900000000	44.8854
0.017592000000000	42.8698
0.017610200000000	40.1673
0.017628400000000	37.7941
0.017646600000000	35.6982
0.017664800000000	33.8375
0.017683000000000	32.1771
0.017701200000000	30.6885
0.017713300000000	29.7797
0.017737600000000	28.1372
0.017761900000000	26.6917
0.017788100000000	25.3146
0.017818500000000	23.9253
0.017848800000000	22.7198
0.017879100000000	21.651
0.017909500000000	20.712
0.017939800000000	19.8707
0.017980200000000	18.8872
0.018020700000000	18.0309
0.018061100000000	17.2793
0.018101500000000	16.6147
0.018142000000000	16.0232
0.018202600000000	15.2491
0.018263300000000	14.5855
0.018323900000000	14.0106
0.018384600000000	13.508
0.018465500000000	12.9311
0.018546400000000	12.435
0.018632300000000	11.9798
0.018741000000000	11.4911
0.018867300000000	11.0156
0.019006300000000	10.582
0.019065300000000	10.4384
0.019066200000000	10.4383
0.019071900000000	10.4617
0.019073800000000	10.5134
0.019075000000000	10.6056
0.019075900000000	10.7433
0.019076700000000	10.9377
0.019077100000000	11.104
0.019077600000000	11.3164
0.019078000000000	11.5823
0.019078500000000	11.8948
0.019078900000000	12.2678
0.019079400000000	12.7043
0.019079800000000	13.204
0.019080300000000	13.8264
0.019080800000000	14.51
0.019082200000000	16.6541
0.019082900000000	17.5862
0.019083400000000	18.1409
0.019083800000000	18.5761
0.019084300000000	18.8588
0.019084700000000	19.0244
0.019085000000000	19.0675
0.019085400000000	19.0034
0.019085800000000	18.8159
0.019086300000000	18.4524
0.019086900000000	17.8893
0.019087400000000	17.2259
0.019088200000000	15.9652
0.019089100000000	14.619
0.019089800000000	13.6645
0.019090300000000	13.0297
0.019090700000000	12.6073
0.019091200000000	12.1948
0.019091600000000	11.8412
0.019092000000000	11.5441
0.019092500000000	11.2985
0.019093100000000	11.0145
0.019093800000000	10.8131
0.019094400000000	10.6818
0.019095100000000	10.5702
0.019096300000000	10.4777
0.019097100000000	10.4438
0.019100500000000	10.3817
0.019114400000000	10.3109
0.019210700000000	10.0743
0.019351700000000	9.79767
0.019454200000000	9.65148
0.019505500000000	9.62003
0.019544000000000	9.64768
0.019569600000000	9.72653
0.019582400000000	9.80386
0.019595300000000	9.92725
0.019604900000000	10.0691
0.019612200000000	10.2233
0.019618500000000	10.3997
0.019624700000000	10.6382
0.019629600000000	10.8822
0.019634400000000	11.2021
0.019637600000000	11.4732
0.019640800000000	11.8069
0.019644000000000	12.2235
0.019646400000000	12.6073
0.019648800000000	13.0706
0.019651200000000	13.6282
0.019652700000000	14.0574
0.019654200000000	14.5525
0.019655800000000	15.1276
0.019657000000000	15.6659
0.019658500000000	16.3828
0.019659900000000	17.2248
0.019661000000000	17.9851
0.019662000000000	18.7249
0.019662900000000	19.5602
0.019663900000000	20.5078
0.019664900000000	21.5877
0.019665800000000	22.8244
0.019666800000000	24.2478
0.019667400000000	25.318
0.019668100000000	26.4997
0.019668700000000	27.8073
0.019669400000000	29.2569
0.019670000000000	30.8667
0.019670600000000	32.6567
0.019671300000000	34.649
0.019671900000000	36.8673
0.019672600000000	39.3364
0.019673200000000	42.0814
0.019673800000000	45.1268
0.019674500000000	48.494
0.019675100000000	52.1999
0.019675800000000	56.2539
0.019676400000000	60.6543
0.019677100000000	65.3855
0.019678000000000	73.0239
0.019679600000000	86.6305
0.019680600000000	94.7411
0.019681300000000	100.571
0.019681900000000	105.051
0.019682600000000	108.954
0.019683200000000	112.213
0.019683700000000	114.087
0.019684100000000	115.293
0.019684600000000	116.181
0.019685000000000	116.389
0.019685500000000	116.062
0.019686000000000	115.155
0.019686500000000	113.688
0.019687000000000	111.697
0.019687600000000	108.306
0.019688200000000	104.525
0.019689000000000	98.5257
0.019690100000000	89.6227
0.019691700000000	76.0524
0.019692700000000	68.296
0.019693300000000	63.4494
0.019694000000000	58.9148
0.019694600000000	54.7161
0.019695300000000	50.861
0.019695900000000	47.3455
0.019696500000000	44.1562
0.019697200000000	41.2739
0.019697800000000	38.676
0.019698500000000	36.338
0.019699100000000	34.2352
0.019699700000000	32.3438
0.019700400000000	30.6413
0.019701000000000	29.1071
0.019701700000000	27.7224
0.019702300000000	26.4702
0.019702900000000	25.3358
0.019703900000000	23.8261
0.019704900000000	22.5136
0.019705800000000	21.3668
0.019706800000000	20.3598
0.019707800000000	19.4714
0.019708700000000	18.6841
0.019710000000000	17.7668
0.019711200000000	17.022
0.019712300000000	16.4108
0.019714000000000	15.6199
0.019715700000000	14.9375
0.019717500000000	14.3334
0.019719300000000	13.8198
0.019721100000000	13.3792
0.019723500000000	12.8828
0.019726300000000	12.407
0.019729500000000	11.9668
0.019732800000000	11.6102
0.019736000000000	11.317
0.019740800000000	10.9657
0.019745600000000	10.6922
0.019750400000000	10.4746
0.019757800000000	10.2154
0.019765300000000	10.021
0.019776200000000	9.81275
0.019788000000000	9.65102
0.019806800000000	9.47532
0.019832400000000	9.32004
0.019870900000000	9.17301
0.019935000000000	9.01953
0.020044000000000	8.84764
0.020249100000000	8.61512
0.020556800000000	8.34763
0.020944900000000	8.08278
0.021404700000000	7.8353
0.021964500000000	7.59868
0.022604300000000	7.38631
0.023404100000000	7.17814
0.024443700000000	6.96826
0.025723300000000	6.76896
0.026204200000000	6.72105
0.026319600000000	6.73807
0.026366600000000	6.77174
0.026396000000000	6.82272
0.026413800000000	6.88497
0.026426700000000	6.96709
0.026436300000000	7.07607
0.026441500000000	7.17308
0.026445900000000	7.29536
0.026448500000000	7.40128
0.026451100000000	7.55125
0.026452800000000	7.69038
0.026454000000000	7.81547
0.026455100000000	7.98461
0.026455900000000	8.14281
0.026456600000000	8.31337
0.026457200000000	8.53344
0.026457600000000	8.7165
0.026458100000000	8.9365
0.026458500000000	9.20142
0.026459000000000	9.52074
0.026459300000000	9.85913
0.026459700000000	10.2046
0.026460000000000	10.6018
0.026460400000000	11.057
0.026460700000000	11.5766
0.026461000000000	12.167
0.026461400000000	12.8343
0.026461700000000	13.5842
0.026462000000000	14.2759
0.026462400000000	15.1894
0.026462700000000	16.1967
0.026463000000000	17.2991
0.026463400000000	18.4958
0.026463700000000	19.7841
0.026464100000000	21.1952
0.026464600000000	23.4617
0.026465300000000	26.6515
0.026466400000000	32.166
0.026467000000000	34.7212
0.026467500000000	36.7453
0.026467900000000	38.2132
0.026468400000000	39.435
0.026468800000000	40.3726
0.026469200000000	40.9952
0.026469600000000	41.2812
0.026469800000000	41.2991
0.026470100000000	41.1649
0.026470400000000	40.8471
0.026470800000000	40.1215
0.026471300000000	39.078
0.026471700000000	37.7466
0.026472100000000	36.1655
0.026472500000000	34.3789
0.026473000000000	31.896
0.026474200000000	26.3285
0.026474900000000	22.8745
0.026475400000000	20.4355
0.026475700000000	18.9121
0.026476100000000	17.4835
0.026476400000000	16.1583
0.026476800000000	14.8823
0.026477200000000	13.7275
0.026477400000000	13.0246
0.026477600000000	12.3739
0.026477900000000	11.7744
0.026478100000000	11.2242
0.026478500000000	10.5532
0.026478700000000	10.0814
0.026479000000000	9.65746
0.026479300000000	9.27803
0.026479600000000	8.83614
0.026480000000000	8.46
0.026480300000000	8.14228
0.026480700000000	7.8756
0.026481000000000	7.65335
0.026481400000000	7.45668
0.026481800000000	7.28728
0.026482200000000	7.15298
0.026482800000000	7.00347
0.026483400000000	6.90085
0.026484000000000	6.8317
0.026484800000000	6.77565
0.026485900000000	6.73645
0.026487500000000	6.72542
0.026490600000000	6.75846
0.026496100000000	6.88311
0.026500900000000	7.03708
0.026505300000000	7.22856
0.026508200000000	7.39527
0.026510700000000	7.56656
0.026512600000000	7.73039
0.026514500000000	7.92766
0.026516400000000	8.16876
0.026518100000000	8.43019
0.026519600000000	8.70575
0.026521000000000	9.03985
0.026522100000000	9.33973
0.026523200000000	9.69341
0.026524300000000	10.1152
0.026525100000000	10.4435
0.026525800000000	10.8182
0.026526500000000	11.2486
0.026527300000000	11.7469
0.026528000000000	12.3285
0.026528600000000	12.8312
0.026529100000000	13.4019
0.026529600000000	14.0258
0.026530200000000	14.7374
0.026530700000000	15.5522
0.026531200000000	16.4891
0.026531600000000	17.1918
0.026531900000000	17.9651
0.026532400000000	19.0436
0.026532800000000	20.2614
0.026533300000000	21.6368
0.026533600000000	22.7833
0.026534000000000	24.3323
0.026534400000000	26.2244
0.026534900000000	28.3479
0.026535300000000	30.7231
0.026535800000000	33.3668
0.026536200000000	36.2948
0.026536600000000	39.5181
0.026537100000000	43.043
0.026537500000000	46.8665
0.026538000000000	50.9799
0.026538400000000	55.3637
0.026539000000000	61.5767
0.026539900000000	71.4634
0.026541100000000	84.8885
0.026541600000000	91.2655
0.026542200000000	97.1248
0.026542700000000	101.045
0.026543100000000	104.459
0.026543500000000	106.945
0.026543900000000	108.946
0.026544300000000	110.603
0.026544700000000	111.451
0.026545000000000	111.709
0.026545400000000	111.453
0.026545900000000	110.448
0.026546300000000	108.714
0.026546800000000	106.388
0.026547200000000	103.534
0.026547600000000	100.181
0.026548200000000	94.7693
0.026548800000000	88.7328
0.026549600000000	78.9923
0.026550800000000	65.8094
0.026551400000000	59.5204
0.026552000000000	53.6017
0.026552400000000	49.4564
0.026552900000000	45.5882
0.026553300000000	42.0086
0.026553800000000	38.7232
0.026554200000000	35.7276
0.026554600000000	33.013
0.026555100000000	30.5652
0.026555500000000	28.3686
0.026556000000000	26.3424
0.026556300000000	25.0427
0.026556600000000	23.849
0.026557000000000	22.7535
0.026557400000000	21.3834
0.026557800000000	20.215
0.026558300000000	19.173
0.026558700000000	18.243
0.026559100000000	17.4117
0.026559600000000	16.6461
0.026560000000000	15.9235
0.026560500000000	15.279
0.026561000000000	14.7025
0.026561600000000	14.0242
0.026562200000000	13.4328
0.026562900000000	12.9143
0.026563500000000	12.4567
0.026564400000000	11.8645
0.026565100000000	11.4649
0.026566300000000	10.9511
0.026567400000000	10.5196
0.026568500000000	10.1529
0.026569600000000	9.83841
0.026571000000000	9.48365
0.026572500000000	9.1873
0.026574000000000	8.9369
0.026576200000000	8.62785
0.026578700000000	8.35005
0.026581200000000	8.12862
0.026583700000000	7.94899
0.026586200000000	7.80113
0.026589900000000	7.62673
0.026593500000000	7.49003
0.026599100000000	7.33407
0.026604600000000	7.21852
0.026611900000000	7.10552
0.026620700000000	7.00965
0.026636200000000	6.90166
0.026658200000000	6.81393
0.026695000000000	6.73991
0.026756800000000	6.68456
0.026902400000000	6.63374
0.027563100000000	6.53849
0.028713600000000	6.41131
0.028761800000000	6.42411
0.028777600000000	6.45588
0.028784500000000	6.49641
0.028789300000000	6.55764
0.028791800000000	6.6223
0.028793600000000	6.69704
0.028794900000000	6.79056
0.028795700000000	6.88673
0.028796400000000	6.98744
0.028797000000000	7.12346
0.028797700000000	7.30809
0.028798100000000	7.46648
0.028798500000000	7.66016
0.028798900000000	7.89613
0.028799400000000	8.18217
0.028799800000000	8.5268
0.028800200000000	8.88136
0.028800500000000	9.22775
0.028800800000000	9.61936
0.028801100000000	10.0599
0.028801400000000	10.5529
0.028801800000000	11.1012
0.028802100000000	11.7076
0.028802400000000	12.3741
0.028802700000000	13.1329
0.028803100000000	13.9919
0.028803400000000	14.9222
0.028803800000000	15.9205
0.028804300000000	17.5363
0.028804800000000	19.2721
0.028805600000000	22.2116
0.028806600000000	25.5444
0.028807100000000	27.4027
0.028807600000000	28.8444
0.028808000000000	29.9724
0.028808400000000	30.9352
0.028808800000000	31.707
0.028809200000000	32.2668
0.028809600000000	32.599
0.028810000000000	32.6955
0.028810400000000	32.6049
0.028810700000000	32.3224
0.028811200000000	31.7913
0.028811600000000	31.0463
0.028812000000000	30.1079
0.028812400000000	29.0013
0.028812900000000	27.5359
0.028813500000000	25.5486
0.028815100000000	19.8688
0.028815600000000	18.1077
0.028816100000000	16.457
0.028816400000000	15.4314
0.028816900000000	14.2883
0.028817200000000	13.3708
0.028817600000000	12.5325
0.028817900000000	11.7727
0.028818300000000	11.09
0.028818500000000	10.6764
0.028818900000000	10.1275
0.028819200000000	9.64258
0.028819600000000	9.21688
0.028819900000000	8.84557
0.028820300000000	8.52331
0.028820700000000	8.24521
0.028821000000000	8.00618
0.028821400000000	7.80167
0.028821800000000	7.59247
0.028822200000000	7.42084
0.028822900000000	7.21996
0.028823500000000	7.07127
0.028824400000000	6.93037
0.028825200000000	6.8335
0.028826500000000	6.73769
0.028828200000000	6.6592
0.028830700000000	6.59192
0.028834800000000	6.52865
0.028841700000000	6.47589
0.028856800000000	6.43144
0.028898100000000	6.40062
0.029336700000000	6.34035
0.031369800000000	6.09811
0.032441400000000	5.93332
0.033087700000000	5.79867
0.033538200000000	5.67181
0.033890700000000	5.53488
0.034145300000000	5.39916
0.034321600000000	5.27341
0.034458700000000	5.14635
0.034576200000000	5.00662
0.034674100000000	4.85817
0.034752500000000	4.7077
0.034811200000000	4.56904
0.034870000000000	4.39984
0.034909100000000	4.26474
0.034948300000000	4.10576
0.034977700000000	3.96693
0.035007100000000	3.80701
0.035036400000000	3.62083
0.035056000000000	3.47877
0.035075600000000	3.31958
0.035095200000000	3.13948
0.035113800000000	2.94563
0.035127000000000	2.79204
0.035140200000000	2.62352
0.035153500000000	2.43747
0.035162300000000	2.30261
0.035171100000000	2.15825
0.035179900000000	2.00363
0.035188700000000	1.83798
0.035197500000000	1.66063
0.035206300000000	1.47113
0.035213200000000	1.31529
0.035220500000000	1.14048
0.035227900000000	0.958512
0.035239100000000	0.670617
0.035246000000000	0.495804
0.035249900000000	0.398956
0.035252700000000	0.333681
0.035254600000000	0.288834
0.035256500000000	0.247964
0.035257900000000	0.217124
0.035259400000000	0.187757
0.035260600000000	0.16547
0.035261700000000	0.146098
0.035262600000000	0.129452
0.035263400000000	0.116858
0.035264000000000	0.107865
0.035264600000000	0.0992792
0.035265200000000	0.0911264
0.035265800000000	0.083426
0.035266400000000	0.0762043
0.035266900000000	0.0705673
0.035267300000000	0.0652951
0.035267800000000	0.060402
0.035268300000000	0.0559041
0.035268700000000	0.0526014
0.035269100000000	0.0495712
0.035269500000000	0.0468228
0.035269900000000	0.0443656
0.035270200000000	0.0424617
0.035270600000000	0.0407954
0.035270900000000	0.0393728
0.035271300000000	0.0382017
0.035271600000000	0.0372749
0.035272000000000	0.0366239
0.035272300000000	0.0362567
0.035272600000000	0.0361726
0.035272900000000	0.0362984
0.035273100000000	0.0365512
0.035273400000000	0.0370694
0.035273700000000	0.0379248
0.035274100000000	0.0390755
0.035274400000000	0.0404409
0.035274700000000	0.0418764
0.035274900000000	0.0435334
0.035275200000000	0.0454171
0.035275500000000	0.0475326
0.035275800000000	0.0498854
0.035276100000000	0.052663
0.035276300000000	0.0557237
0.035276600000000	0.0590743
0.035276900000000	0.0627209
0.035277300000000	0.0673624
0.035277600000000	0.0724289
0.035278000000000	0.0779355
0.035278300000000	0.0838919
0.035278600000000	0.0903143
0.035279000000000	0.0972126
0.035279300000000	0.104602
0.035279700000000	0.112497
0.035280100000000	0.12216
0.035280500000000	0.132524
0.035280800000000	0.143613
0.035281200000000	0.155453
0.035281700000000	0.171346
0.035282200000000	0.188497
0.035282700000000	0.206961
0.035283200000000	0.226793
0.035283600000000	0.245862
0.035284100000000	0.266129
0.035284500000000	0.287635
0.035285100000000	0.318332
0.035285700000000	0.351436
0.035286100000000	0.377925
0.035286700000000	0.415548
0.035287300000000	0.455944
0.035287900000000	0.499241
0.035288400000000	0.53964
0.035289100000000	0.597322
0.035289800000000	0.659617
0.035290500000000	0.726797
0.035291000000000	0.785848
0.035291600000000	0.851404
0.035292200000000	0.921162
0.035292800000000	0.995367
0.035293400000000	1.07423
0.035294000000000	1.16523
0.035294800000000	1.27781
0.035295500000000	1.39905
0.035296200000000	1.52954
0.035297000000000	1.66986
0.035297700000000	1.82071
0.035298400000000	1.9828
0.035299200000000	2.15686
0.035299900000000	2.34374
0.035300600000000	2.54427
0.035301400000000	2.75939
0.035302100000000	2.99015
0.035302800000000	3.23753
0.035303600000000	3.50272
0.035304300000000	3.78696
0.035305000000000	4.09147
0.035305800000000	4.41771
0.035306500000000	4.76708
0.035307200000000	5.14118
0.035308000000000	5.54172
0.035308700000000	5.97036
0.035309400000000	6.42901
0.035310300000000	7.02188
0.035311200000000	7.66434
0.035312100000000	8.36026
0.035313000000000	9.11366
0.035313900000000	9.92883
0.035314700000000	10.8099
0.035315600000000	11.7616
0.035316500000000	12.7882
0.035317400000000	13.8947
0.035318300000000	15.0851
0.035319100000000	16.364
0.035320000000000	17.7354
0.035320900000000	19.203
0.035321800000000	20.7696
0.035322700000000	22.4374
0.035323500000000	24.2077
0.035324600000000	26.4029
0.035325600000000	28.7347
0.035327000000000	32.0465
0.035328300000000	35.5677
0.035330100000000	40.3411
0.035334800000000	53.4932
0.035336300000000	57.3589
0.035337900000000	61.2304
0.035339100000000	63.9089
0.035340200000000	65.8209
0.035341500000000	67.9482
0.035342900000000	69.6021
0.035344300000000	70.72
0.035345700000000	71.2943
0.035346700000000	71.3612
0.035348000000000	71.0572
0.035349400000000	70.3299
0.035351200000000	68.8522
0.035352900000000	66.899
0.035355600000000	63.3717
0.035362300000000	53.3664
0.035365300000000	49.2715
0.035368200000000	45.5285
0.035371100000000	42.1679
0.035374100000000	39.1805
0.035377000000000	36.5373
0.035380000000000	34.2017
0.035382900000000	32.1363
0.035385800000000	30.3059
0.035388800000000	28.6791
0.035391700000000	27.2283
0.035394600000000	25.9298
0.035397600000000	24.7634
0.035401500000000	23.3841
0.035405400000000	22.175
0.035409300000000	21.1088
0.035413200000000	20.1632
0.035417200000000	19.3201
0.035422800000000	18.2497
0.035428400000000	17.3424
0.035434000000000	16.5523
0.035439900000000	15.8251
0.035445800000000	15.1866
0.035453600000000	14.4469
0.035461400000000	13.8114
0.035469800000000	13.2285
0.035478600000000	12.6951
0.035487400000000	12.2315
0.035496200000000	11.8253
0.035509400000000	11.3025
0.035522600000000	10.862
0.035535900000000	10.4861
0.035550500000000	10.1291
0.035565200000000	9.82158
0.035584800000000	9.47306
0.035604400000000	9.17966
0.035633800000000	8.81806
0.035663200000000	8.52551
0.035692500000000	8.28416
0.035731700000000	8.02105
0.035770900000000	7.80759
0.035829600000000	7.55282
0.035888400000000	7.35318
0.035966700000000	7.14511
0.036064600000000	6.94778
0.036182200000000	6.76802
0.036319200000000	6.60861
0.036515100000000	6.43824
0.036750100000000	6.28518
0.037102600000000	6.1115
0.037651000000000	5.90257
0.038641600000000	5.58912
0.039134300000000	5.45949
0.039319000000000	5.43531
0.039400100000000	5.44523
0.039446500000000	5.47339
0.039472000000000	5.51191
0.039487100000000	5.55627
0.039499100000000	5.62015
0.039506000000000	5.68304
0.039511800000000	5.76655
0.039515500000000	5.84795
0.039518100000000	5.93119
0.039519800000000	6.00761
0.039521700000000	6.12154
0.039523100000000	6.25535
0.039524100000000	6.38137
0.039524800000000	6.50483
0.039525500000000	6.66197
0.039526200000000	6.86304
0.039526700000000	7.02755
0.039527200000000	7.22127
0.039527700000000	7.44876
0.039528200000000	7.71486
0.039528600000000	7.98497
0.039529100000000	8.39059
0.039529700000000	8.86568
0.039530200000000	9.41624
0.039530800000000	10.0471
0.039531300000000	10.7606
0.039531800000000	11.3684
0.039532400000000	12.3693
0.039533000000000	13.4672
0.039533800000000	14.9018
0.039535700000000	18.5323
0.039536400000000	19.7581
0.039536900000000	20.5939
0.039537400000000	21.3126
0.039537900000000	21.8572
0.039538300000000	22.2833
0.039538800000000	22.5787
0.039539300000000	22.7348
0.039539600000000	22.7585
0.039540100000000	22.6652
0.039540600000000	22.3984
0.039541000000000	22.0076
0.039541500000000	21.4859
0.039541900000000	20.8453
0.039542400000000	20.1005
0.039543100000000	18.9154
0.039543900000000	17.2876
0.039545400000000	13.9186
0.039546000000000	12.7376
0.039546600000000	11.6246
0.039547200000000	10.5979
0.039547600000000	9.96741
0.039548000000000	9.38265
0.039548300000000	8.84496
0.039548700000000	8.38947
0.039549100000000	7.97382
0.039549400000000	7.597
0.039549800000000	7.25758
0.039550100000000	6.95378
0.039550500000000	6.68355
0.039550800000000	6.44465
0.039551200000000	6.23478
0.039551700000000	5.99286
0.039552200000000	5.79351
0.039552600000000	5.63099
0.039553100000000	5.49992
0.039553600000000	5.39531
0.039554300000000	5.27853
0.039555100000000	5.19871
0.039556000000000	5.13258
0.039557000000000	5.09663
0.039558500000000	5.074
0.039559600000000	5.07118
0.039577100000000	5.16264
0.039591300000000	5.20959
0.039612000000000	5.24902
0.039664600000000	5.29716
0.039818700000000	5.37967
0.039878900000000	5.42794
0.039930000000000	5.48771
0.039987100000000	5.58629
0.040023200000000	5.67756
0.040059300000000	5.8039
0.040086400000000	5.93302
0.040104400000000	6.04243
0.040122400000000	6.17724
0.040140500000000	6.3458
0.040158500000000	6.559
0.040172100000000	6.76003
0.040185600000000	7.00836
0.040194600000000	7.20754
0.040203600000000	7.44061
0.040214000000000	7.76035
0.040220900000000	8.01266
0.040227800000000	8.30359
0.040235200000000	8.66492
0.040241100000000	8.99829
0.040246900000000	9.38098
0.040253000000000	9.83518
0.040257500000000	10.2247
0.040262000000000	10.6638
0.040266500000000	11.1609
0.040271000000000	11.7263
0.040275500000000	12.3724
0.040280000000000	13.1145
0.040283000000000	13.6716
0.040286000000000	14.2862
0.040289000000000	14.9659
0.040292000000000	15.7195
0.040295000000000	16.557
0.040298100000000	17.4901
0.040301100000000	18.5322
0.040304100000000	19.6986
0.040307100000000	21.0069
0.040310100000000	22.4769
0.040312300000000	23.6987
0.040314600000000	25.034
0.040316800000000	26.4935
0.040319100000000	28.088
0.040321400000000	29.8289
0.040323600000000	31.7263
0.040325900000000	33.7895
0.040328100000000	36.0253
0.040330400000000	38.4369
0.040332600000000	41.0218
0.040335600000000	44.7193
0.040340200000000	50.6825
0.040344800000000	57.0103
0.040348100000000	61.2474
0.040350500000000	63.9967
0.040352800000000	66.1921
0.040355000000000	67.9158
0.040356800000000	68.8577
0.040358700000000	69.4981
0.040360400000000	69.6785
0.040362000000000	69.512
0.040363600000000	69.0172
0.040365900000000	67.8149
0.040368100000000	66.0755
0.040370400000000	63.8868
0.040372600000000	61.3498
0.040375600000000	57.6041
0.040383200000000	47.7406
0.040386200000000	43.9992
0.040389200000000	40.5082
0.040392200000000	37.3043
0.040394400000000	35.0968
0.040396700000000	33.0552
0.040398900000000	31.1731
0.040401200000000	29.4426
0.040403500000000	27.8537
0.040405700000000	26.3965
0.040408700000000	24.64
0.040411700000000	23.0753
0.040414700000000	21.6799
0.040417700000000	20.434
0.040420700000000	19.3195
0.040423800000000	18.3205
0.040426800000000	17.423
0.040429800000000	16.6151
0.040432800000000	15.8859
0.040435800000000	15.2264
0.040440300000000	14.3505
0.040444800000000	13.5905
0.040449300000000	12.9281
0.040453800000000	12.3479
0.040458300000000	11.8377
0.040462800000000	11.3871
0.040468900000000	10.8646
0.040475500000000	10.3758
0.040482700000000	9.92614
0.040489300000000	9.57633
0.040498300000000	9.17687
0.040507300000000	8.84973
0.040514900000000	8.62167
0.040523900000000	8.39044
0.040532900000000	8.19801
0.040546400000000	7.96802
0.040560000000000	7.79334
0.040573600000000	7.66345
0.040587900000000	7.56304
0.040603700000000	7.48949
0.040624700000000	7.43975
0.040635300000000	7.43247
0.040661600000000	7.46017
0.040687900000000	7.54008
0.040708900000000	7.64116
0.040729900000000	7.77399
0.040751000000000	7.93916
0.040772000000000	8.13834
0.040793000000000	8.37328
0.040814100000000	8.6486
0.040835100000000	8.97016
0.040856100000000	9.34317
0.040877200000000	9.77565
0.040898200000000	10.278
0.040917200000000	10.7988
0.040936100000000	11.3971
0.040950300000000	11.9047
0.040964500000000	12.4702
0.040978700000000	13.1016
0.040992900000000	13.8084
0.041007100000000	14.6018
0.041021300000000	15.4951
0.041035500000000	16.5041
0.041049700000000	17.6478
0.041059200000000	18.4962
0.041068600000000	19.4223
0.041078100000000	20.435
0.041087600000000	21.5444
0.041097000000000	22.7621
0.041106500000000	24.101
0.041116000000000	25.576
0.041125400000000	27.2041
0.041134900000000	29.0044
0.041144400000000	30.9986
0.041153800000000	33.2115
0.041163300000000	35.6705
0.041172800000000	38.4066
0.041179900000000	40.6608
0.041187000000000	43.1053
0.041194100000000	45.7564
0.041201200000000	48.6306
0.041208300000000	51.7448
0.041215400000000	55.1151
0.041222500000000	58.7564
0.041229600000000	62.681
0.041239000000000	68.3671
0.041248500000000	74.5706
0.041258000000000	81.26
0.041272200000000	92.0205
0.041292700000000	107.998
0.041302100000000	114.827
0.041310000000000	119.856
0.041317900000000	124.019
0.041325100000000	126.857
0.041330800000000	128.377
0.041336600000000	129.168
0.041339800000000	129.279
0.041345300000000	128.916
0.041351100000000	127.803
0.041356800000000	125.978
0.041362100000000	123.741
0.041370000000000	119.5
0.041377900000000	114.408
0.041387300000000	107.521
0.041417300000000	84.1874
0.041426800000000	77.2576
0.041436200000000	70.78
0.041445700000000	64.8048
0.041452800000000	60.6619
0.041459900000000	56.8052
0.041467000000000	53.2248
0.041474100000000	49.9079
0.041481200000000	46.8389
0.041488300000000	44.0016
0.041495400000000	41.3795
0.041502500000000	38.9562
0.041509600000000	36.716
0.041516700000000	34.6439
0.041526200000000	32.1187
0.041535600000000	29.8372
0.041545100000000	27.7722
0.041554600000000	25.8993
0.041564000000000	24.1972
0.041573500000000	22.6468
0.041583000000000	21.2314
0.041592400000000	19.9364
0.041601900000000	18.7487
0.041611400000000	17.6572
0.041620800000000	16.6517
0.041630300000000	15.7235
0.041639800000000	14.8647
0.041649200000000	14.0686
0.041663400000000	12.9789
0.041677600000000	11.999
0.041691800000000	11.1144
0.041706000000000	10.3126
0.041720200000000	9.5835
0.041734400000000	8.91839
0.041748300000000	8.32228
0.041761700000000	7.79759
0.041775000000000	7.31342
0.041788200000000	6.86989
0.041801300000000	6.46184
0.041814400000000	6.08524
0.041827600000000	5.73852
0.041840700000000	5.42062
0.041853900000000	5.131
0.041867000000000	4.86966
0.041880100000000	4.63713
0.041893300000000	4.43459
0.041906400000000	4.26389
0.041919600000000	4.12764
0.041928300000000	4.05765
0.041937100000000	4.00582
0.041945900000000	3.97368
0.041954600000000	3.96288
0.041963400000000	3.97595
0.041972100000000	4.01509
0.041980900000000	4.08302
0.041987500000000	4.15488
0.041994000000000	4.24639
0.042000600000000	4.35929
0.042007200000000	4.49551
0.042013800000000	4.65722
0.042020300000000	4.84679
0.042026900000000	5.06687
0.042033500000000	5.3204
0.042040000000000	5.61061
0.042046600000000	5.94109
0.042053200000000	6.31579
0.042059800000000	6.73905
0.042066300000000	7.21566
0.042072900000000	7.75084
0.042079500000000	8.35027
0.042086000000000	9.02014
0.042092600000000	9.76712
0.042099200000000	10.5984
0.042105800000000	11.5215
0.042112300000000	12.5444
0.042118900000000	13.6754
0.042125500000000	14.9228
0.042132000000000	16.2951
0.042138600000000	17.8
0.042145200000000	19.445
0.042151700000000	21.236
0.042158300000000	23.1775
0.042164900000000	25.2712
0.042171500000000	27.5161
0.042178000000000	29.9065
0.042186800000000	33.3008
0.042197700000000	37.823
0.042225000000000	49.5251
0.042233500000000	52.9765
0.042242100000000	56.1389
0.042250200000000	58.8098
0.042258100000000	60.9713
0.042264400000000	62.3723
0.042270700000000	63.4802
0.042276900000000	64.2903
0.042285700000000	64.9337
0.042291300000000	65.0597
0.042299300000000	64.8847
0.042307300000000	64.3422
0.042317300000000	63.2256
0.042326700000000	61.8383
0.042340700000000	59.3328
0.042367700000000	53.8955
0.042393900000000	48.6129
0.042411500000000	45.359
0.042429000000000	42.3833
0.042446500000000	39.6941
0.042464000000000	37.2796
0.042481500000000	35.1179
0.042499100000000	33.1835
0.042516600000000	31.4511
0.042534100000000	29.8966
0.042551600000000	28.4983
0.042569200000000	27.2371
0.042586700000000	26.096
0.042613000000000	24.5783
0.042639300000000	23.2573
0.042665500000000	22.0998
0.042691800000000	21.0791
0.042718100000000	20.1736
0.042745600000000	19.3295
0.042775700000000	18.5124
0.042810700000000	17.6719
0.042850800000000	16.8366
0.042888300000000	16.1549
0.042925900000000	15.5476
0.042975900000000	14.8418
0.043026000000000	14.2311
0.043076100000000	13.6979
0.043126100000000	13.2282
0.043201200000000	12.6208
0.043276300000000	12.1085
0.043351400000000	11.6633
0.043451500000000	11.1624
0.043551700000000	10.7413
0.043651800000000	10.3832
0.043777000000000	10.0078
0.043883300000000	9.74067
0.044002300000000	9.4996
0.044098900000000	9.35686
0.044171400000000	9.29486
0.044205500000000	9.28563
0.044256600000000	9.30698
0.044295000000000	9.36278
0.044329100000000	9.45382
0.044361100000000	9.59224
0.044382400000000	9.72404
0.044403700000000	9.89896
0.044425000000000	10.1314
0.044441000000000	10.3556
0.044457000000000	10.6358
0.044473000000000	10.9885
0.044487300000000	11.382
0.044500700000000	11.8408
0.044509700000000	12.2073
0.044520100000000	12.7112
0.044529100000000	13.2217
0.044538000000000	13.8218
0.044546500000000	14.4952
0.044552900000000	15.0787
0.044559300000000	15.742
0.044565700000000	16.499
0.044572100000000	17.3666
0.044578500000000	18.3656
0.044582800000000	19.1168
0.044587000000000	19.9465
0.044591300000000	20.8648
0.044595600000000	21.8838
0.044599800000000	23.0171
0.044604100000000	24.2806
0.044608300000000	25.6928
0.044612600000000	27.2751
0.044616900000000	29.052
0.044621100000000	31.0524
0.044624300000000	32.7189
0.044627500000000	34.545
0.044630700000000	36.5479
0.044633900000000	38.7464
0.044637100000000	41.1607
0.044640300000000	43.8123
0.044643500000000	46.724
0.044646700000000	49.9186
0.044649900000000	53.4185
0.044653100000000	57.244
0.044656300000000	61.4118
0.044659500000000	65.9312
0.044662700000000	70.8022
0.044665900000000	76.0093
0.044670200000000	83.4118
0.044682100000000	105.288
0.044685700000000	111.442
0.044688900000000	116.277
0.044692100000000	120.334
0.044694700000000	122.943
0.044697100000000	124.645
0.044699800000000	125.84
0.044701900000000	126.132
0.044704700000000	125.697
0.044707500000000	124.349
0.044710400000000	122.04
0.044713600000000	118.614
0.044716800000000	114.427
0.044721100000000	108.006
0.044735000000000	85.2476
0.044739200000000	78.7063
0.044743500000000	72.6359
0.044747700000000	67.0798
0.044752000000000	62.0424
0.044755200000000	58.5933
0.044758400000000	55.4113
0.044762700000000	51.5553
0.044766900000000	48.1031
0.044771200000000	45.013
0.044775500000000	42.2451
0.044779700000000	39.7629
0.044784000000000	37.533
0.044788200000000	35.5259
0.044792500000000	33.7155
0.044796800000000	32.0788
0.044801000000000	30.5956
0.044805300000000	29.2483
0.044811700000000	27.4492
0.044818100000000	25.8781
0.044824500000000	24.499
0.044830900000000	23.2826
0.044837300000000	22.2046
0.044843700000000	21.245
0.044850100000000	20.3871
0.044858600000000	19.378
0.044867100000000	18.4987
0.044876700000000	17.6383
0.044886300000000	16.8901
0.044897400000000	16.1414
0.044906800000000	15.5884
0.044920800000000	14.8732
0.044935500000000	14.2403
0.044951500000000	13.6595
0.044967500000000	13.1675
0.044983500000000	12.7464
0.045004800000000	12.272
0.045026100000000	11.8758
0.045047400000000	11.5405
0.045079400000000	11.1251
0.045111400000000	10.7886
0.045143400000000	10.5115
0.045181700000000	10.2359
0.045220100000000	10.0078
0.045271200000000	9.75786
0.045339500000000	9.49414
0.045424700000000	9.23899
0.045531300000000	8.99552
0.045659200000000	8.77349
0.045829700000000	8.5486
0.046042800000000	8.33695
0.046319900000000	8.12933
0.046661000000000	7.93547
0.047129900000000	7.73396
0.047684100000000	7.5533
0.048451400000000	7.36206
0.049474600000000	7.16707
0.051437700000000	6.84281
0.051978200000000	6.71937
0.052314200000000	6.6055
0.052545900000000	6.48711
0.052708100000000	6.36387
0.052823900000000	6.23702
0.052916600000000	6.09427
0.052986100000000	5.9465
0.053032500000000	5.81749
0.053075900000000	5.66333
0.053106300000000	5.52866
0.053136700000000	5.3626
0.053157000000000	5.22873
0.053177300000000	5.0704
0.053197500000000	4.88023
0.053212700000000	4.71052
0.053227700000000	4.51511
0.053237500000000	4.3663
0.053247400000000	4.19851
0.053257200000000	4.00813
0.053265900000000	3.81739
0.053274600000000	3.60099
0.053280400000000	3.44006
0.053286200000000	3.26375
0.053292000000000	3.07002
0.053297700000000	2.85656
0.053302100000000	2.682
0.053305900000000	2.51973
0.053310500000000	2.30493
0.053314000000000	2.13228
0.053317400000000	1.94935
0.053320900000000	1.75611
0.053324400000000	1.55294
0.053328400000000	1.30511
0.053335900000000	0.839769
0.053337900000000	0.713979
0.053339500000000	0.62447
0.053340600000000	0.568178
0.053341500000000	0.521086
0.053342300000000	0.482649
0.053343100000000	0.447291
0.053343700000000	0.423103
0.053344300000000	0.401206
0.053344800000000	0.384459
0.053345400000000	0.369791
0.053345900000000	0.357411
0.053346400000000	0.347549
0.053346900000000	0.340455
0.053347400000000	0.336696
0.053347800000000	0.335541
0.053348300000000	0.336867
0.053348700000000	0.340876
0.053349100000000	0.347778
0.053349600000000	0.357517
0.053350000000000	0.369711
0.053350400000000	0.384996
0.053350700000000	0.402317
0.053351100000000	0.422
0.053351500000000	0.444768
0.053351800000000	0.470829
0.053352200000000	0.50038
0.053352500000000	0.533128
0.053352900000000	0.568542
0.053353200000000	0.607794
0.053353600000000	0.651091
0.053353900000000	0.698701
0.053354300000000	0.750854
0.053354600000000	0.800461
0.053354900000000	0.853939
0.053355200000000	0.911501
0.053355500000000	0.973356
0.053355800000000	1.03972
0.053356100000000	1.11082
0.053356500000000	1.2134
0.053356900000000	1.32542
0.053357300000000	1.44744
0.053357700000000	1.5802
0.053358100000000	1.72433
0.053358500000000	1.88055
0.053358900000000	2.04957
0.053359400000000	2.23226
0.053359800000000	2.42937
0.053360200000000	2.64175
0.053360600000000	2.87021
0.053361000000000	3.13392
0.053361500000000	3.43804
0.053361900000000	3.76706
0.053362400000000	4.1224
0.053362900000000	4.50549
0.053363300000000	4.91773
0.053363800000000	5.36054
0.053364200000000	5.8353
0.053364700000000	6.37626
0.053365300000000	6.99171
0.053365800000000	7.65248
0.053366300000000	8.36015
0.053366900000000	9.15942
0.053367400000000	10.0598
0.053368000000000	11.0218
0.053368600000000	12.0453
0.053369200000000	13.1301
0.053369700000000	14.2749
0.053370600000000	16.1003
0.053371500000000	18.1796
0.053372600000000	20.6593
0.053374000000000	24.137
0.053376900000000	31.5372
0.053378000000000	34.3395
0.053379200000000	37.0506
0.053380100000000	38.7945
0.053381100000000	40.4906
0.053382000000000	41.8465
0.053382800000000	42.9237
0.053383700000000	43.7604
0.053384500000000	44.3224
0.053385500000000	44.7252
0.053386500000000	44.835
0.053387600000000	44.6192
0.053388800000000	44.0754
0.053390000000000	43.2574
0.053391100000000	42.2222
0.053392900000000	40.3837
0.053398100000000	34.2147
0.053400400000000	31.6537
0.053402100000000	29.9003
0.053403900000000	28.3019
0.053405600000000	26.8556
0.053407300000000	25.5522
0.053409100000000	24.3792
0.053410800000000	23.3232
0.053413100000000	22.0747
0.053415400000000	20.9827
0.053417800000000	20.023
0.053420100000000	19.1749
0.053422400000000	18.4213
0.053425100000000	17.6533
0.053428100000000	16.8915
0.053431200000000	16.1957
0.053434500000000	15.5766
0.053437100000000	15.1916
0.053439000000000	14.9943
0.053440700000000	14.8949
0.053442100000000	14.8712
0.053444300000000	14.9294
0.053447700000000	15.0711
0.053448200000000	15.0744
0.053449900000000	15.0144
0.053451500000000	14.8528
0.053453200000000	14.5529
0.053455600000000	14.0039
0.053458400000000	13.3459
0.053460400000000	12.9529
0.053462000000000	12.6997
0.053464100000000	12.4417
0.053466600000000	12.2008
0.053471100000000	11.8799
0.053477700000000	11.5003
0.053484400000000	11.1714
0.053490800000000	10.9024
0.053496900000000	10.7012
0.053498500000000	10.6641
0.053500000000000	10.6333
0.053500000000000	8.98772
0.054000000000000	8.98894
0.054761800000000	8.99087
0.055534400000000	8.99284
0.056317900000000	8.99483
0.057112500000000	8.99686
0.057918200000000	8.99891
0.058735300000000	9.00099
0.059000000000000	9.00166
0.059832400000000	9.00389
0.060676500000000	9.00615
0.061532500000000	9.00844
0.062400700000000	9.01077
0.063281000000000	9.01312
0.064000000000000	9.01505
0.064902900000000	9.01751
0.065818600000000	9.02
0.066747200000000	9.02252
0.067688900000000	9.02508
0.068643800000000	9.02768
0.069000000000000	9.02865
0.069973500000000	9.03127
0.070960700000000	9.03394
0.071961800000000	9.03664
0.072977000000000	9.03938
0.074000000000000	9.04214
0.075044000000000	9.04489
0.076102700000000	9.04768
0.077176400000000	9.0505
0.078265200000000	9.05337
0.079000000000000	9.05531
0.080114500000000	9.05814
0.081244800000000	9.06101
0.082391000000000	9.06392
0.083553400000000	9.06687
0.084000000000000	9.068
0.085185100000000	9.07088
0.086386900000000	9.07379
0.087605700000000	9.07675
0.088841600000000	9.07975
0.089000000000000	9.08013
0.090255600000000	9.08302
0.091529000000000	9.08595
0.092820300000000	9.08892
0.094000000000000	9.09163
0.095326200000000	9.0945
0.096671100000000	9.09741
0.098034900000000	9.10036
0.099000000000000	9.10245
0.100000000000000	9.10453
0.100000000000000	9.39278
0.105741000000000	9.32015
0.110776000000000	9.20609
0.120000000000000	8.92179
0.125882000000000	8.86638
0.130000000000000	8.86255
0.135000000000000	8.90752
0.140000000000000	9.05125
0.150000000000000	9.53605
0.160000000000000	9.82508
0.170000000000000	9.91805
0.175000000000000	9.6215
0.179973000000000	9.37519
0.185000000000000	9.02861
0.190000000000000	8.78169
0.195000000000000	8.38806
0.200000000000000	8.142
0.210000000000000	8.38599
0.230000000000000	9.4635
0.240000000000000	9.31717
0.250000000000000	8.92429
0.260000000000000	8.14014
0.270000000000000	8.09147
0.280000000000000	8.43512
0.290000000000000	8.53264
0.300000000000000	7.89548
0.310000000000000	7.35645
0.320000000000000	7.4549
0.330000000000000	7.84832
0.340000000000000	8.2906
0.350000000000000	8.63449
0.360000000000000	8.68404
0.370000000000000	8.53924
0.380000000000000	8.24531
0.390000000000000	8.54006
0.400000000000000	9.08018
0.410000000000000	9.27776
0.417892000000000	9.27797
0.420000000000000	9.27781
0.430000000000000	8.98338
0.440000000000000	8.93403
0.450000000000000	8.93377
0.460000000000000	8.83546
0.470000000000000	8.63865
0.480000000000000	8.14742
0.490000000000000	7.70513
0.500000000000000	7.55757
0.520000000000000	8.30987
0.530000000000000	8.53792
0.540000000000000	8.53723
0.550000000000000	8.14416
0.560000000000000	7.99301
0.570000000000000	7.79586
0.580000000000000	7.64792
0.600000000000000	7.56769
0.624374000000000	7.65775
0.644515000000000	7.75776
0.674033000000000	7.85663
0.680000000000000	7.87349
0.700000000000000	7.86107
0.719891000000000	7.73932
0.740000000000000	7.42338
0.765361000000000	6.95504
0.780000000000000	6.70303
0.800000000000000	6.43754
0.820000000000000	6.68356
0.840000000000000	7.12299
0.860000000000000	7.10257
0.886208000000000	6.90241
0.956631000000000	6.42571
0.966772000000000	6.37906
1.000000000000000	6.25594
1.050000000000000	6.1658
1.100000000000000	6.12568
1.166220000000000	6.00203
1.200000000000000	5.9293
1.369050000000000	5.41877
1.400000000000000	5.33411
1.510580000000000	5.17625
1.611290000000000	5.06925
1.780460000000000	4.83903
1.812700000000000	4.74305
1.900000000000000	4.51427
2.014110000000000	4.30935
2.073000000000000	4.21717
2.210800000000000	4.10046
2.286000000000000	3.75551
2.300120000000000	3.71519
2.345020000000000	3.61016
2.400000000000000	3.45858
2.500000000000000	3.29459
2.600000000000000	3.18033
2.774370000000000	3.10832
2.778710000000000	3.10416
2.901330000000000	2.85745
3.000000000000000	2.77574
3.111450000000000	2.60256
3.200000000000000	2.37923
3.345920000000000	2.35979
3.400000000000000	2.29729
3.600000000000000	2.2009
3.800000000000000	2.14739
4.085050000000000	2.11077
4.229630000000000	2.09768
4.400000000000000	2.09285
4.632450000000000	2.10327
4.833860000000000	2.12417
5.000000000000000	2.1484
5.200000000000000	2.15949
5.600000000000000	2.24892
5.840910000000000	2.27456
6.847970000000000	2.41592
7.424570000000000	2.47184
8.112870000000000	2.52617
8.660660000000000	2.5548
9.000000000000000	2.56001
9.567010000000000	2.55333
10.343900000000000	2.52327
11.077600000000000	2.48142
12.000000000000000	2.40393
12.104300000000000	2.40647
12.487500000000000	2.3593
13.183400000000000	2.28958
14.297700000000000	2.16268
15.426200000000000	2.02379
16.225700000000000	1.92408
17.000000000000000	1.83275
18.000000000000000	1.73323
19.134000000000000	1.65796
20.000000000000000	1.60844
